date	month	hour	min	pa_N	pa_mid	pa_S	quality

02	01	17	29	70	120	>150	1
05	01	14	09	<30	45	110	1
12	01	14	09	<30	40	90	1
16	01	06	49	<30	70	>150	2
18	01	18	09	65	115	150	2
19	01	17	29	<30	70	>150	2
22	01	14	09	90	110	>155	2
23	01	04	49	<30	70	>155	2
26	01	07	29	<30	60	>155	2
27	01	02	09	<30	55	110	2
01	02	00	49	40	100	150	2
04	02	19	29	<30	50	100	2
06	02	02	49	30	65	95	1
09	02	15	29	<30	50	100	2
10	02	19	29	<30	85	145	2
14	02	22	09	<30	50	70	1
19	02	15	29	45	80	100	1
22	02	08	09	65	80	95	0
23	02	14	09	<30	80	120	2	double CME?
29	02	16	09	85	110	135	0
01	03	06	49	<30	55	95	1
03	03	22	49	<30	40	80	1
04	03	14	09	<30	90	>160	2
05	03	06	49	<30	95	>160	2
06	03	08	49	<30	75	115	2
07	03	01	29	<30	105	>160	2
09	03	18	49	<30	95	>160	2	data missing
10	03	18	49	<30	80	>160	2
13	03	18	49	<30	80	>160	2
15	03	13	29	<30	55	90	1
17	03	00	09	<30	65	115	2
18	03	02	49	<30	85	>160	2
20	03	00	09	<30	85	150	2
21	03	11	29	<30	80	>160	2
22	03	07	29	60	110	150	2
24	03	06	09	<30	80	120	1
25	03	04	49	<30	55	120	1
26	03	09	29	<30	50	145	1	smaller second CME entrained?
27	03	01	29	<30	65	130	2
28	03	09	29	<30	70	135	1	very flattend front appearance.
29	03	02	49	<30	55	85	1
30	03	11	29	<30	50	120	2
31	03	20	09	55	70	110	1
02	04	08	09	30	55	95	2
04	04	10	09	100	120	140	0
05	04	12	49	60	80	100	0
06	04	00	49	<30	70	140	2
08	04	00	09	45	95	120	1
09	04	14	49	<30	70	>160	2
11	04	12	49	115	125	135	0
12	04	14	09	<30	50	95	1
14	04	11	29	40	65	80	1
15	04	15	29	40	80	100	1
16	04	22	09	<30	105	>160	2
17	04	20	09	40	80	130	2
18	04	18	49	55	105	140	1
19	04	12	09	55	115	150	2
22	04	22	09	100	140	>160	1
23	04	20	09	40	85	145	1
24	04	16	49	40	100	130	1
27	04	19	29	40	95	130	1
28	04	20	49	70	105	145	2	material to the north
30	04	11	29	<30	110	>160	2
02	05	19	29	<30	70	>160	2
03	05	22	49	55	125	145	2
05	05	03	29	35	90	>160	2
07	05	04	09	<30	80	>160	2
08	05	17	29	30	40	85	0
09	05	02	49	<30	45	70	1
10	05	04	49	75	95	129	1
10	05	22	09	<30	75	110	1
11	05	20	09	40	75	130	2
13	05	13	29	55	60	105	1
16	05	00	09	25	50	80	1
16	05	10	09	90	125	>155	2	This and the next CME might be one event.
16	05	13	29	<25	55	90	2	
17	05	03	29	<20	90	>155	2
19	05	12	09	<20	40	60	1
19	05	19	29	70	85	100	0
20	05	08	49	130	150	>155	1	Very limited observation.
21	05	16	09	95	140	>155	1	Very limited observation.
25	05	02	09	<20	70	105	2
26	05	02	49	30	100	>155	2	Faint northern flanks (Halo?)
27	05	14	49	<20	70	115	1
28	05	16	49	40	70	110	1
30	05	21	29	<20	45	75	1
02	06	02	09	45	80	>155	1
03	06	15	29	<20	30	100	0
03	06	22	49	90	140	>155	0
05	06	08	49	45	60	110	1
06	06	01	29	110	140	>150	1
07	06	00	49	35	55	>150	1
08	06	02	49	40	45	80	1
08	06	08	09	85	115	150	1
09	06	22	09	35	55	65	0
12	06	10	09	80	125	>150	1
12	06	22	49	60	95	115	1
13	06	18	09	20	90	>150	2
14	06	16	09	<20	95	>150	2
16	06	06	49	95	120	140	0
17	06	12	09	90	105	130	1
19	06	00	09	85	110	135	0
23	06	10	09	<20	75	>150	2
27	06	18	49	<20	30	40	1
29	06	00	09	<20	30	60	0
29	06	12	09	<20	65	>150	1
30	06	12	49	<20	70	>150	1
01	07	06	09	<15	100	>150	1	Double/triple event?
02	07	20	49	50	120	>150	2	Double event?
04	07	16	49	<15	70	>150	1	Part of previous event?
05	07	02	49	50	80	115	1	Part of previous event?
05	07	12	09	75	105	130	1	Part of previous event?
05	07	22	49	75	120	>150	1	Part of previous event?
07	07	00	49	50	120	>150	1	
07	07	03	29	65	120	>150	1	Part of previous event?
08	07	10	09	60	70	100	0
08	07	16	09	<15	125	>150	2
11	07	15	29	<15	45	115	1
12	07	03	29	20	30	80	1
12	07	18	49	<15	75	>150	2
15	07	00	49	65	75	90	0
17	07	16	49	<15	85	>150	2
19	07	06	49	<15	85	>150	2
22	07	06	49	45	65	95	0
23	07	04	49	<15	100	>150	2	bad data
24	07	14	09	<15	25	50	1
25	07	11	29	85	110	150	1
26	07	14	09	50	70	115	1
27	07	06	49	<15	30	115	1
28	07	02	09	90	115	140	1
29	07	01	29	80	110	>150	1
31	07	10	09	<15	85	135	1
02	08	22	09	40	100	140	1
04	08	18	49	<15	100	>150	1
07	08	00	09	45	80	105	2	Noisy data
07	08	23	29	20	70	110	2	Noisy data
10	08	00	49	65	110	120	0
10	08	19	29	<15	95	>150	1
12	08	22	09	<15	45	60	1
14	08	08	49	30	70	110	1
16	08	20	09	<15	60	125	2
17	08	22	09	<15	50	90	1	double event?
19	08	05	29	30	60	100	1
21	08	12	49	20	30	70	1
22	08	12	49	<15	75	100	2
25	08	02	49	15	40	60	1
26	08	17	29	70	100	120	1
27	08	02	49	70	90	110	0
29	08	23	29	55	70	85	0
31	08	22	49	<15	90	>150	2
02	09	07	29	30	85	140	2
03	09	22	49	25	60	85	1
05	09	12	09	20	55	80	0
08	09	14	09	<15	100	150	2
09	09	22	09	60	70	80	0
10	09	20	09	50	90	>150	2
12	09	04	09	<15	35	60	1
13	09	00	09	115	120	140	1
13	09	17	29	<20	60	>150	2
16	09	19	29	30	55	70	1
17	09	10	49	25	60	80	1
19	09	20	49	20	40	60	0
21	09	17	29	<20	35	75	1
24	09	01	29	<20	70	115	1
25	09	21	29	30	110	140	1
27	09	14	49	<20	90	>150	1
28	09	02	09	<20	85	>150	2
29	09	13	29	<20	65	>150	2
02	10	04	09	<20	50	100	1
03	10	20	49	<20	45	65	1
05	10	07	29	25	105	>150	2
07	10	12	09	60	115	>150	2
09	10	06	49	<20	85	150	1
15	10	12	49	25	50	75	1	
18	10	18	09	90	125	135	1
19	10	05	29	65	125	>155	2
23	10	18	09	50	70	115	0
25	10	08	49	35	45	75	0
26	10	20	49	50	85	100	0
27	10	21	29	30	85	120	2
01	11	02	49	30	70	105	2
03	11	08	49	<25	55	90	2
04	11	10	09	<25	70	130	2
05	11	16	49	70	90	110	0
06	11	23	29	85	105	115	0
08	11	15	29	<25	95	>155	2
09	11	18	49	55	85	>155	2	double event?
11	11	06	49	45	130	>155	2
13	11	10	49	30	90	130	2
14	11	16	09	70	100	150	1
17	11	14	09	<30	75	130	1
19	11	14	09	60	80	90	0
20	11	14	49	30	70	140	2
23	11	17	29	<30	100	>155	1
26	11	09	29	60	110	135	0
27	11	08	49	<25	95	>160	2
05	12	06	09	<30	90	>160	1
06	12	10	09	25	95	140	2	delayed material in the eruption to the north
07	12	13	29	<25	70	135	2
14	12	05	29	30	120	>160	2
18	12	02	49	<30	50	80	1
21	12	05	29	30	50	95	0
28	12	21	29	40	70	85	0
