date	month	hour	min	pa min	pa mid	pa max	confidence

02	01	00	09	240	270	290	1
22	01	22	09	245	275	290	1
02	02	00	09	215	245	275	2
03	02	20	49	230	260	275	2	Bad data during event.
07	02	06	49	220	260	290	2	Bad data during event.
08	02	14	09	235	260	290	1	Bad data during event.
10	02	21	29	235	255	290	0	Bad data
12	02	00	49	230	255	>325	1	Double event?
12	02	12	09	230	255	>325	2	Secondary part of double event?
14	02	03	29	230	280	320	2
16	02	12	09	240	250	275	1
25	02	03	29	<200	230	265	1 	Bad data
01	03	08	09	220	245	280	2
05	03	11	29	230	255	280	1
06	03	10	49	230	280	320	2
10	03	12	09	260	280	300	0
13	03	19	29	<200	300	>325	2
19	03	20	09	240	265	290	2	Bad data
24	03	23	29	240	270	300	0
26	03	16	49	245	270	290	2	Bad data
30	03	14	09	<200	245	285	2
03	04	12	09	215	260	300	2
06	04	04	09	245	280	300	1
08	04	07	29	235	280	305	2
13	04	16	09	230	295	>330	2
19	04	06	09	210	245	315	2
20	04	01	29	235	285	>330	2
22	04	07	29	225	240	285	1
26	04	18	09	235	265	295	0
02	05	04	49	225	250	275	0
03	05	13	29	<200	240	275	0
04	05	14	09	235	255	270	0
06	05	03	29	<200	230	270	2
08	05	08	49	240	285	320	1
09	05	00	09	270	290	305	1
14	05	07	29	250	270	280	0
24	05	00	09	235	290	320	2
27	05	00	09	210	250	270	2
27	05	17	29	215	240	285	2	
30	05	21	29	270	300	>320	0
31	05	23	29	225	270	280	2
03	06	18	49	300	320	>335	0
12	06	04	49	245	285	305	0
13	06	03	29	315	330	>340	0
13	06	17	29	240	295	330	1
16	06	06	09	250	290	330	1
16	06	23	29	255	285	325	2
17	06	14	49	245	290	>335	1
21	06	01	29	270	300	315	1
27	06	10	49	<210	240	265	1
01	07	08	49	220	240	265	1	Bad data.
03	07	15	29	<200	280	>340	2
06	07	09	29	245	285	300	1
09	07	10	49	260	280	310	0	Bad data.
11	07	08	09	230	270	295	1	Bad data.
13	07	02	49	305	320	345	0
14	07	18	09	250	290	320	0
17	07	04	09	260	295	315	1
18	07	18	49	270	290	320	1
20	07	00	49	260	280	310	0
28	07	12	09	230	285	305	1
30	07	18	49	<210	300	>340	2
01	08	06	49	240	280	320	2	Missing data.
05	08	20	49	255	280	300	0
07	08	16	49	255	270	290	0
07	08	22	09	<210	285	>340	2
11	08	00	09	275	290	300	0
14	08	12	09	<210	240	320	2
15	08	15	29	260	305	330	2
18	08	08	09	250	310	330	2	
18	08	08	49	<210	230	270	1
26	08	02	09	<210	240	280	1
04	09	20	49	<210	260	>340	2
07	09	15	29	240	270	320	1
09	09	04	49	240	290	325	1
11	09	08	09	250	300	340	2
14	09	19	29	270	300	335	2
16	09	00	09	285	300	325	1
18	09	09	29	260	290	305	1
20	09	17	29	<210	250	275	2
22	09	20	49	295	310	335	1
28	09	19	30	255	275	290	0
01	10	18	50	250	290	340	2
06	10	14	10	240	300	330	2
11	10	08	10	220	280	330	2
15	10	01	30	270	290	325	1
18	10	01	30	<210	250	270	2
22	10	03	30	250	290	335	2
26	10	16	10	<210	250	295	2
29	10	12	09	240	260	290	1
02	11	20	49	270	295	310	0
03	11	09	29	250	260	310	1
04	11	06	09	<210	270	>340	2
07	11	20	09	230	255	280	1
09	11	07	29	305	310	>340	1
11	11	19	29	220	265	270	1
13	11	14	09	230	300	330	2
14	11	04	49	240	260	270	0
16	11	15	29	<205	250	270	2
17	11	22	09	235	245	260	0
19	11	10	09	<205	270	>335	2
22	11	16	09	<205	265	>335	1
24	11	10	49	210	260	290	2
29	11	10	09	265	295	315	1
01	12	00	09	240	265	300	1
07	12	02	09	<205	230	270	2
07	12	21	29	220	285	310	2
12	12	08	49	<205	265	>335	2
14	12	21	29	230	290	>335	2	
16	12	02	09	240	270	280	0	bad data
16	12	16	09	305	310	>335	1	bad data
18	12	13	29	220	240	270	0	bad data
19	12	08	49	240	265	280	0	bad data
21	12	03	29	245	290	>335	2	double front / shock
