date    month   hour    min     pa min  pa mid  pa max  confidence

06	01	17	06	300	315	335	0   f
10	01	01	06	245	270	300	1   f			Could be part of the same thing
10	01	10	06	235	265	300	2				""		""
11	01	08	05	<205	275	>335	1   fx				""		""
12	01	12	04	240	275	300	2 b
13	01	18	09	260	280	290	1
17	01	18	49	275	285	295	0
22	01	10	49	<205	240	310	2
23	01	10	09	215	240	285	2
23	01	20	49	265	230	>335	1
24	01	23	29	230	240	255	1   f
29	01	17	29	225	235	260	0   f
31	01	10	09	220	255	280	2
31	01	22	09	260	300	>335	2
02	02	02	09	230	245	285	1 b f
03	02	00	09	275	300	335	1
03	02	04	49	230	255	280	1
03	02	11	29	275	295	>335	1
06	02	01	29	240	305	>335	1   f
06	02	07	29	240	290	325	1
07	02	06	09	245	260	275	0   f
09	02	12	49	245	325	>335	0   fx
13	02	04	49	<200	210	245	0   f
16	02	00	05	270	285	330	2
19	02	14	09	250	315	>330	1 b
22	02	08	49	270	290	330	1
23	02	14	09	205	250	285	2
26	02	00	09	210	225	230	0
27	02	10	49	205	220	235	0   f
28	02	11	29	225	250	305	2
05	03	04	09	<200	240	>330	2   fx
12	03	15	29	220	320	>330	2 b  x			Huge comet tail in FOV from here...
13	03	04	49	205	250	315	2 b					|
14	03	04	05	210	235	260	1 b					|
15	03	20	49	<200	250	>330	2 b  x 					V
17	03	22	49	<200	260	>330	1 b				...to here
22	03	21	29	205	240	265	1
24	03	22	49	240	255	260	0   f
28	03	13	29	240	260	275	1 b f
01	04	00	09	225	215	250	0   f
05	04	14	09	<200	265	>330	2 b  x
11	04	09	29	<200	265	>330	2    x
19	04	06	09	260	280	315	0   f
20	04	12	09	235	260	290	0
20	04	21	29	245	265	270	1   f
23	04	14	09	<195	215	245	2
24	04	09	29	270	320	>330	0   f
25	04	13	29	280	325	>330	1
27	04	05	29	205	225	245	1
29	04	03	29	<195	225	250	0
29	04	12	49	280	310	315	0
01	05	06	09	<195	270	>330	2 b fx
03	05	12	49	240	255	265	1
03	05	23	29	<200	235	>330	2    x
07	05	02	49	230	240	255	1
10	05	17	29	260	275	290	1
11	05	21	29	235	315	>330	1 b
13	05	04	49	205	300	>330	2
13	05	17	29	250	290	320	2
14	05	02	09	220	290	>330	2
15	05	02	49	<200	265	>330	2    x
16	05	10	09	245	255	280	1
17	05	10	49	220	290	>330	2
18	05	21	29	230	295	>330	1
20	05	00	09	270	280	290	1
20	05	12	49	255	280	285	1
22	05	16	09	270	325	>330	0   f
26	05	02	09	200	210	225	0   f
27	05	17	29	270	315	>330	1
30	05	20	09	240	290	>330	2 b
03	06	01	29	<200	270	>330	0   f
05	06	05	29	<200	250	>330	2
06	06	10	49	205	220	230	1 b f
14	06	08	09	215	240	250	0   f
16	06	18	09	<200	220	280	2
18	06	04	49	<200	225	270	1
18	06	08	49	<200	245	300	2 b
20	06	15	29	215	245	255	1
21	06	04	49	<200	250	>330	2    x
23	06	23	29	<200	310	>330	2    x
25	06	17	29	305	320	>330	0   f
28	06	06	09	<200	230	290	1
30	06	04	49	270	285	300	1
30	06	16	49	270	300	320	1
01	07	06	09	240	270	290	1
02	07	00	05	<200	280	>335	2    x
02	07	22	09	255	275	290	1
05	07	01	29	210	255	285	1
06	07	22	49	210	270	325	1   fx
07	07	10	49	210	230	245	1
09	07	20	49	205	280	>335	2    x
12	07	22	09	230	245	255	0   f
16	07	06	49	210	260	285	1
19	07	00	05	<205	260	>335	2    x
23	07	21	29	210	230	250	1
29	07	02	49	245	285	320	2
31	07	23	29	265	285	330	2
06	08	07	29	260	305	>335	2
08	08	04	05	215	245	275	1
10	08	04	49	225	240	255	1
16	08	08	09	260	295	335	0
17	08	12	09	290	330	>340	2
20	08	03	29	<205	290	>340	1    x
20	08	13	29	<205	250	>340	1    x
21	08	10	49	250	285	330	1
23	08	16	49	<205	210	230	1
27	08	11	29	280	325	>340	2
28	08	23	29	<205	225	260	1
30	08	05	29	215	300	>340	2    x
31	08	13	29	300	305	335	0
01	09	07	29	205	235	275	0
02	09	14	49	215	240	265	2
04	09	18	09	<210	250	270	2
07	09	02	09	230	280	340	1
07	09	20	09	240	300	325	1
10	09	21	29	210	225	240	1
11	09	15	29	<210	215	295	2
13	09	06	09	<210	245	340	2
15	09	11	29	245	265	285	1
15	09	23	29	220	240	265	1
17	09	20	09	250	265	280	1
18	09	00	09	285	325	>340	1    x
21	09	00	09	300	325	>340	1
21	09	13	29	255	320	>340	2
22	09	03	29	240	255	275	0
25	09	01	29	255	330	>340	1
30	09	02	09	<210	280	>340	1    x
01	10	16	49	<210	215	235	1
03	10	04	09	<210	280	340	1    x
05	10	11	29	<210	260	340	1    x
06	10	19	29	250	270	285	0
08	10	20	49	<220	330	>340	2    x
09	10	05	29	290	310	330	1
10	10	02	49	<210	240	285	1
11	10	10	09	<210	280	>340	2    x
13	10	08	09	245	265	290	1
15	10	03	29	275	300	330	1
18	10	14	09	265	325	>340	2    x
20	10	16	49	310	320	330	1
22	10	12	49	280	320	>345	1
25	10	13	29	<210	280	>345	2    x
25	10	18	09	<210	300	>345	2    x
26	10	14	49	<210	295	>340	2    x
26	10	22	09	<210	290	>340	2    x
28	10	19	29	245	275	320	1
01	11	04	09	210	245	290	2
02	11	10	49	<210	305	>345	1    x
03	11	08	09	235	250	300	0
04	11	10	49	<210	270	>345	1    x
05	11	10	49	280	320	345	2
05	11	13	29	210	230	270	2
07	11	13	05	<210	270	>340	2    x
07	11	23	05	235	255	285	1
08	11	17	05	<210	230	290	1
10	11	14	05	280	325	>340	1
13	11	09	05	280	300	330	1
18	11	06	49	<210	230	250	0
24	11	16	10	260	290	310	1
26	11	09	30	255	300	340	0
28	11	04	10	215	255	280	2
28	11	11	30	<210	265	>340	2    x
30	11	20	50	<210	250	325	1    x
03	12	05	30	315	340	>340	1
05	12	07	30	240	330	>340	1
05	12	17	06	<210	260	300	2
10	12	07	06	225	325	>340	1
12	12	13	06	<210	230	290	2
14	12	13	06	<210	240	280	1
21	12	12	10	220	235	290	0
22	12	00	10	300	320	>340	1
24	12	03	30	300	320	>340	1
26	12	07	30	<210	270	>340	2
28	12	13	30	220	260	295	1
29	12	11	06	285	315	335	1
29	12	14	09	210	255	285	1
30	12	05	06	<210	250	290	1
31	12	14	06	210	265	305	2
